optimalAssignmentScores = [1412.22 1342.28 2199.61 1374.0 1528.4 ...
		    3645.39 3424 4339.4 2012.33 1745 3452.2 3736.7 ...
		    4198.4 5143.8 4864.5 4863.5 4010.3];

perfectAssignmentScores = [1418.04 1345.18 2304.19 1374.65 1536.09 ...
		    3738.48 3512.07 4934.57 2047.04 1756.17 3468.23 ...
		   3780.40 5084.62 5793.71 5266 5265 4175];

100*(perfectAssignmentScores - optimalAssignmentScores)./optimalAssignmentScores